mGstat/examples/gstat_examples/lzn_okvr
NCOLS               80
NROWS              115
XLLCORNER       178400
YLLCORNER       329400
CELLSIZE            40
NODATA_VALUE     -9999
[rows 62 to 92 of 115, columns 0 to 69 of 80]
-9999 -9999 -9999 -9999 -9999 -9999 -9999 -9999 -9999 -9999 -9999 -9999 -9999 -9999 -9999 -9999 -9999 -9999 -9999 -9999 -9999 -9999 -9999 -9999 0.140647 0.103229 0.126931 0.13483 0.13947 0.151516 0.1645 0.168548 0.166552 0.175526 0.196726 0.216066 0.227964 0.232271 0.230374 0.22258 0.208219 0.186592 0.160993 0.145643 0.151612 0.167178 0.183579 0.193513 0.191857 0.176509 0.149608 0.139791 0.181154 0.232316 0.282505 0.330632 0.377972 0.422569 -9999 -9999 -9999 -9999 -9999 -9999 -9999 -9999 -9999 -9999 -9999 -9999
-9999 -9999 -9999 -9999 -9999 -9999 -9999 -9999 -9999 -9999 -9999 -9999 -9999 -9999 -9999 -9999 -9999 -9999 -9999 -9999 -9999 -9999 -9999 -9999 0.137057 0.114551 0.119647 0.131188 0.129597 0.136514 0.152347 0.151062 0.129678 0.139371 0.175733 0.200192 0.212973 0.217987 0.218565 0.21541 0.206521 0.19062 0.17067 0.156021 0.157569 0.173185 0.190266 0.199736 0.196915 0.179228 0.145933 0.127559 0.182424 0.238107 0.290943 0.339757 0.386186 -9999 -9999 -9999 -9999 -9999 -9999 -9999 -9999 -9999 -9999 -9999 -9999 -9999
-9999 -9999 -9999 -9999 -9999 -9999 -9999 -9999 -9999 -9999 -9999 -9999 -9999 -9999 -9999 -9999 -9999 -9999 -9999 -9999 -9999 -9999 -9999 0.148155 0.134929 0.115031 0.105592 0.126038 0.112973 0.119826 0.147673 0.148654 0.128348 0.135775 0.167326 0.187042 0.194857 0.196451 0.198738 0.201888 0.199892 0.18844 0.167073 0.141372 0.140481 0.168077 0.19193 0.204801 0.205562 0.195153 0.179878 0.180291 0.211888 0.25783 0.305896 0.352753 0.39842 -9999 -9999 -9999 -9999 -9999 -9999 -9999 -9999 -9999 -9999 -9999 -9999 -9999
-9999 -9999 -9999 -9999 -9999 -9999 -9999 -9999 -9999 -9999 -9999 -9999 -9999 -9999 -9999 -9999 -9999 -9999 -9999 -9999 -9999 -9999 0.143992 0.113117 0.129954 0.129115 0.125973 0.132947 0.135036 0.143308 0.157863 0.160555 0.15473 0.156906 0.168267 0.175606 0.173118 0.165327 0.1692 0.18325 0.190481 0.184474 0.163843 0.127575 0.124214 0.165746 0.193587 0.209313 0.215109 0.214295 0.213193 0.222047 0.246509 0.28369 0.325517 0.368834 -9999 -9999 -9999 -9999 -9999 -9999 -9999 -9999 -9999 -9999 -9999 -9999 -9999 -9999
-9999 -9999 -9999 -9999 -9999 -9999 -9999 -9999 -9999 -9999 -9999 -9999 -9999 -9999 -9999 -9999 -9999 -9999 -9999 -9999 -9999 0.16267 0.136775 0.122732 0.136676 0.136971 0.125953 0.13233 0.149567 0.162355 0.169882 0.169432 0.164028 0.161479 0.163063 0.162018 0.151409 0.125786 0.133949 0.166446 0.182143 0.182294 0.170468 0.154196 0.154836 0.175878 0.196902 0.211588 0.220823 0.227574 0.235928 0.251067 0.275171 0.307904 0.34618 0.390061 -9999 -9999 -9999 -9999 -9999 -9999 -9999 -9999 -9999 -9999 -9999 -9999 -9999 -9999
-9999 -9999 -9999 -9999 -9999 -9999 -9999 -9999 -9999 -9999 -9999 -9999 -9999 -9999 -9999 -9999 -9999 -9999 -9999 -9999 0.162474 0.135596 0.138863 0.146573 0.151428 0.142637 0.11235 0.126015 0.156138 0.171034 0.174379 0.167749 0.154575 0.146109 0.145851 0.143268 0.139269 0.12665 0.1358 0.162554 0.176236 0.178378 0.174751 0.170892 0.173315 0.183541 0.19624 0.207593 0.218225 0.230809 0.247419 0.269144 0.295887 0.329128 0.366867 -9999 -9999 -9999 -9999 -9999 -9999 -9999 -9999 -9999 -9999 -9999 -9999 -9999 -9999 -9999
-9999 -9999 -9999 -9999 -9999 -9999 -9999 -9999 -9999 -9999 -9999 -9999 -9999 -9999 -9999 -9999 -9999 -9999 -9999 0.180244 0.136798 0.102229 0.139488 0.159389 0.16464 0.15682 0.143569 0.148013 0.164461 0.173516 0.171292 0.158272 0.132935 0.112853 0.123925 0.113138 0.132737 0.147041 0.15702 0.16637 0.168302 0.165595 0.166379 0.169414 0.172446 0.177953 0.18555 0.193198 0.204162 0.222493 0.247544 0.276756 0.309031 0.344112 0.384769 -9999 -9999 -9999 -9999 -9999 -9999 -9999 -9999 -9999 -9999 -9999 -9999 -9999 -9999 -9999
-9999 -9999 -9999 -9999 -9999 -9999 -9999 -9999 -9999 -9999 -9999 -9999 -9999 -9999 -9999 -9999 -9999 -9999 0.202664 0.158456 0.129794 0.131207 0.153005 0.170334 0.174145 0.16727 0.159376 0.160972 0.168625 0.170446 0.161644 0.147034 0.129852 0.11968 0.127471 0.12041 0.142295 0.16133 0.168671 0.166724 0.154044 0.137573 0.144738 0.154992 0.155045 0.157553 0.164473 0.167275 0.176607 0.203662 0.239871 0.278087 0.316256 0.358779 -9999 -9999 -9999 -9999 -9999 -9999 -9999 -9999 -9999 -9999 -9999 -9999 -9999 -9999 -9999 -9999
-9999 -9999 -9999 -9999 -9999 -9999 -9999 -9999 -9999 -9999 -9999 -9999 -9999 -9999 -9999 -9999 -9999 -9999 0.186855 0.139513 0.107805 0.14325 0.167675 0.180279 0.178717 0.165314 0.151558 0.154433 0.164567 0.163502 0.145518 0.126526 0.13537 0.145798 0.153027 0.157174 0.165889 0.173478 0.172923 0.163428 0.143089 0.10618 0.129277 0.141912 0.12729 0.126452 0.142725 0.13541 0.135945 0.183256 0.232736 0.278638 0.323875 0.367892 -9999 -9999 -9999 -9999 -9999 -9999 -9999 -9999 -9999 -9999 -9999 -9999 -9999 -9999 -9999 -9999
-9999 -9999 -9999 -9999 -9999 -9999 -9999 -9999 -9999 -9999 -9999 -9999 -9999 -9999 -9999 -9999 -9999 0.210558 0.181972 0.152797 0.14171 0.162545 0.182358 0.189945 0.182134 0.157639 0.121371 0.136235 0.159883 0.161646 0.140132 0.11014 0.142021 0.163257 0.174415 0.179978 0.182432 0.179805 0.169682 0.155455 0.144026 0.137675 0.144749 0.146877 0.128497 0.125767 0.140503 0.131316 0.1305 0.181903 0.234789 0.284991 0.332845 -9999 -9999 -9999 -9999 -9999 -9999 -9999 -9999 -9999 -9999 -9999 -9999 -9999 -9999 -9999 -9999 -9999
-9999 -9999 -9999 -9999 -9999 -9999 -9999 -9999 -9999 -9999 -9999 -9999 -9999 -9999 -9999 -9999 -9999 0.191185 0.179093 0.171441 0.173134 0.185375 0.197787 0.201219 0.191301 0.166871 0.136392 0.146339 0.167422 0.171459 0.160813 0.152258 0.162305 0.176744 0.18648 0.190702 0.189133 0.179515 0.159039 0.13354 0.136611 0.152856 0.163568 0.165137 0.158025 0.154382 0.156215 0.156337 0.16725 0.201155 0.246425 0.294755 0.342551 -9999 -9999 -9999 -9999 -9999 -9999 -9999 -9999 -9999 -9999 -9999 -9999 -9999 -9999 -9999 -9999 -9999
-9999 -9999 -9999 -9999 -9999 -9999 -9999 -9999 -9999 -9999 -9999 -9999 -9999 -9999 -9999 -9999 -9999 0.162451 0.167299 0.175762 0.187106 0.20007 0.210217 0.212955 0.206107 0.191528 0.178309 0.178741 0.185696 0.1863 0.179621 0.173647 0.175075 0.181518 0.187696 0.190506 0.187642 0.176652 0.15358 0.115934 0.133476 0.163193 0.178249 0.18164 0.176935 0.169987 0.166076 0.170259 0.187587 0.219326 0.261586 0.307083 -9999 -9999 -9999 -9999 -9999 -9999 -9999 -9999 -9999 -9999 -9999 -9999 -9999 -9999 -9999 -9999 -9999 -9999
-9999 -9999 -9999 -9999 -9999 -9999 -9999 -9999 -9999 -9999 -9999 -9999 -9999 -9999 -9999 -9999 0.125902 0.12547 0.14624 0.16645 0.187561 0.205134 0.216862 0.22155 0.219512 0.212921 0.206506 0.203971 0.202707 0.197336 0.186632 0.175248 0.169976 0.171915 0.176176 0.179206 0.178195 0.17243 0.161731 0.151679 0.159873 0.178054 0.189799 0.191584 0.184119 0.169967 0.157263 0.163824 0.192164 0.230464 0.273553 0.320405 -9999 -9999 -9999 -9999 -9999 -9999 -9999 -9999 -9999 -9999 -9999 -9999 -9999 -9999 -9999 -9999 -9999 -9999
-9999 -9999 -9999 -9999 -9999 -9999 -9999 -9999 -9999 -9999 -9999 -9999 -9999 -9999 0.160358 0.14064 0.119123 0.114173 0.118346 0.148805 0.180415 0.202668 0.216665 0.224067 0.226062 0.22443 0.221472 0.218159 0.212828 0.201972 0.183283 0.159614 0.145635 0.147611 0.151562 0.157432 0.158792 0.160157 0.16535 0.171271 0.180093 0.190376 0.196674 0.195451 0.184711 0.162078 0.128978 0.141326 0.190928 0.239114 0.285652 -9999 -9999 -9999 -9999 -9999 -9999 -9999 -9999 -9999 -9999 -9999 -9999 -9999 -9999 -9999 -9999 -9999 -9999 -9999
-9999 -9999 -9999 -9999 -9999 -9999 -9999 -9999 -9999 -9999 -9999 -9999 0.208862 0.159801 0.115636 0.122301 0.124026 0.117578 0.106121 0.140055 0.173139 0.195301 0.209338 0.218232 0.22321 0.224791 0.224258 0.221987 0.21611 0.203123 0.178849 0.140064 0.10661 0.120569 0.115402 0.132598 0.129589 0.134488 0.158759 0.17593 0.186714 0.19334 0.195984 0.193979 0.185034 0.165658 0.138317 0.15262 0.203214 0.253294 0.30068 -9999 -9999 -9999 -9999 -9999 -9999 -9999 -9999 -9999 -9999 -9999 -9999 -9999 -9999 -9999 -9999 -9999 -9999 -9999
-9999 -9999 -9999 -9999 -9999 -9999 -9999 -9999 -9999 -9999 -9999 0.229862 0.189417 0.147814 0.111697 0.106019 0.111179 0.113231 0.116496 0.141793 0.166901 0.182922 0.193711 0.203339 0.210727 0.214405 0.21572 0.216213 0.213916 0.20474 0.184723 0.154208 0.131786 0.126031 0.115547 0.126501 0.115579 0.120038 0.152718 0.172084 0.18191 0.185142 0.185002 0.185513 0.185696 0.181917 0.179632 0.195322 0.231301 0.274583 0.319283 -9999 -9999 -9999 -9999 -9999 -9999 -9999 -9999 -9999 -9999 -9999 -9999 -9999 -9999 -9999 -9999 -9999 -9999 -9999
-9999 -9999 -9999 -9999 -9999 -9999 -9999 -9999 -9999 -9999 0.243995 0.205834 0.172171 0.146381 0.124689 0.0996155 0.0913623 0.104411 0.106174 0.140404 0.1584 0.16342 0.167531 0.179985 0.190833 0.194511 0.196048 0.201233 0.207066 0.206895 0.197683 0.181703 0.166772 0.155076 0.143982 0.134771 0.127827 0.134919 0.150491 0.161812 0.168104 0.166913 0.161148 0.166791 0.182864 0.197592 0.21139 0.232083 0.262253 0.299775 0.339414 -9999 -9999 -9999 -9999 -9999 -9999 -9999 -9999 -9999 -9999 -9999 -9999 -9999 -9999 -9999 -9999 -9999 -9999 -9999
-9999 -9999 -9999 -9999 -9999 -9999 -9999 -9999 -9999 -9999 0.21693 0.178701 0.144651 0.132805 0.13002 0.124141 0.119393 0.118844 0.125809 0.141844 0.14909 0.138339 0.128309 0.154545 0.169917 0.168352 0.164359 0.17739 0.196618 0.208293 0.20978 0.203243 0.192497 0.17878 0.159993 0.132945 0.114652 0.133976 0.141304 0.141148 0.148785 0.146769 0.124956 0.140596 0.180343 0.210931 0.235929 0.261317 0.289999 0.32417 -9999 -9999 -9999 -9999 -9999 -9999 -9999 -9999 -9999 -9999 -9999 -9999 -9999 -9999 -9999 -9999 -9999 -9999 -9999 -9999
-9999 -9999 -9999 -9999 -9999 -9999 -9999 -9999 -9999 0.224937 0.191926 0.155909 0.1087 0.108949 0.119691 0.125051 0.124319 0.111891 0.12143 0.136427 0.14235 0.131725 0.118943 0.14752 0.158998 0.145647 0.118592 0.153155 0.188668 0.209969 0.218782 0.217756 0.210006 0.196135 0.174801 0.144098 0.123496 0.138345 0.132834 0.104211 0.136094 0.145371 0.131756 0.149356 0.1914 0.226733 0.256198 0.283776 0.312426 0.34294 -9999 -9999 -9999 -9999 -9999 -9999 -9999 -9999 -9999 -9999 -9999 -9999 -9999 -9999 -9999 -9999 -9999 -9999 -9999 -9999
-9999 -9999 -9999 -9999 -9999 -9999 -9999 -9999 0.22747 0.193937 0.168078 0.147742 0.124297 0.0999321 0.102078 0.106214 0.120416 0.108772 0.114023 0.11908 0.136609 0.147118 0.151914 0.161346 0.163237 0.149182 0.13191 0.157806 0.191268 0.2139 0.224872 0.226621 0.220703 0.208799 0.192013 0.173497 0.162627 0.160733 0.151547 0.13993 0.154875 0.168211 0.173668 0.188644 0.2166 0.246631 0.275072 0.302845 0.329216 0.356537 -9999 -9999 -9999 -9999 -9999 -9999 -9999 -9999 -9999 -9999 -9999 -9999 -9999 -9999 -9999 -9999 -9999 -9999 -9999 -9999
-9999 -9999 -9999 -9999 -9999 -9999 -9999 0.232761 0.19634 0.158346 0.137155 0.142177 0.139864 0.127758 0.115937 0.110589 0.119847 0.121649 0.118659 0.104212 0.138206 0.160989 0.171176 0.174932 0.172875 0.166588 0.165433 0.179634 0.201223 0.21877 0.228038 0.229493 0.224315 0.214702 0.203446 0.193957 0.188955 0.186933 0.18376 0.182674 0.189799 0.199843 0.209625 0.223645 0.243867 0.267005 0.291409 0.316219 0.340338 0.365644 0.39499 -9999 -9999 -9999 -9999 -9999 -9999 -9999 -9999 -9999 -9999 -9999 -9999 -9999 -9999 -9999 -9999 -9999 -9999 -9999
-9999 -9999 -9999 -9999 -9999 -9999 -9999 0.20268 0.172063 0.134783 0.109872 0.140374 0.150412 0.14565 0.130447 0.106512 0.107907 0.109815 0.124351 0.136416 0.155889 0.173589 0.1812 0.179806 0.174099 0.171746 0.178138 0.19205 0.208059 0.220611 0.226676 0.226071 0.219594 0.210266 0.202484 0.199865 0.202428 0.206884 0.210522 0.214638 0.220673 0.228548 0.237595 0.249137 0.264157 0.281718 0.301299 0.322257 0.343677 0.369513 0.393912 -9999 -9999 -9999 -9999 -9999 -9999 -9999 -9999 -9999 -9999 -9999 -9999 -9999 -9999 -9999 -9999 -9999 -9999 -9999
-9999 -9999 -9999 -9999 -9999 -9999 0.201069 0.171009 0.156221 0.144066 0.138886 0.148283 0.155264 0.152368 0.136586 0.111989 0.105875 0.0998667 0.12243 0.148381 0.169395 0.182567 0.184631 0.175049 0.159674 0.15695 0.173187 0.192467 0.207316 0.216024 0.218986 0.215705 0.206387 0.193663 0.185761 0.190658 0.20409 0.217991 0.228509 0.236451 0.242717 0.249207 0.256157 0.264607 0.275307 0.28871 0.30331 0.32207 0.34198 0.362802 0.385668 -9999 -9999 -9999 -9999 -9999 -9999 -9999 -9999 -9999 -9999 -9999 -9999 -9999 -9999 -9999 -9999 -9999 -9999 -9999
-9999 -9999 -9999 -9999 -9999 0.213254 0.166656 0.129205 0.140241 0.149968 0.149377 0.147031 0.14982 0.150897 0.137544 0.110629 0.107189 0.10296 0.114685 0.152435 0.175907 0.187105 0.185094 0.16772 0.13422 0.124462 0.161338 0.186316 0.1996 0.204532 0.204251 0.199607 0.187883 0.16746 0.151876 0.169216 0.19876 0.22273 0.239577 0.250127 0.256568 0.260655 0.265043 0.270005 0.277125 0.285891 0.297865 0.311588 0.329197 0.34978 0.37211 -9999 -9999 -9999 -9999 -9999 -9999 -9999 -9999 -9999 -9999 -9999 -9999 -9999 -9999 -9999 -9999 -9999 -9999 -9999
-9999 -9999 -9999 -9999 0.233947 0.194646 0.154071 0.119023 0.139417 0.152933 0.146772 0.126461 0.131295 0.145754 0.138146 0.110982 0.103388 0.116074 0.132883 0.158744 0.17841 0.188346 0.186511 0.17065 0.142934 0.13556 0.161299 0.180485 0.18761 0.185665 0.181779 0.180021 0.17229 0.148415 0.102666 0.154525 0.197931 0.227998 0.24761 0.258598 0.262847 0.263722 0.263896 0.265705 0.269642 0.274602 0.282364 0.29319 0.307679 0.326925 0.349758 0.377002 -9999 -9999 -9999 -9999 -9999 -9999 -9999 -9999 -9999 -9999 -9999 -9999 -9999 -9999 -9999 -9999 -9999 -9999
-9999 -9999 -9999 0.252218 0.210851 0.18137 0.161505 0.152063 0.156615 0.159663 0.148556 0.121641 0.127937 0.146699 0.143356 0.122678 0.0984597 0.122204 0.14284 0.160296 0.174603 0.185136 0.188015 0.180626 0.167474 0.161685 0.167706 0.174746 0.173222 0.16011 0.148841 0.159176 0.167399 0.160749 0.153662 0.177022 0.211371 0.238136 0.255452 0.263474 0.264102 0.260084 0.254847 0.250869 0.250226 0.252053 0.25656 0.263388 0.276127 0.296302 0.321717 0.350083 -9999 -9999 -9999 -9999 -9999 -9999 -9999 -9999 -9999 -9999 -9999 -9999 -9999 -9999 -9999 -9999 -9999 -9999
-9999 -9999 -9999 0.227138 0.181356 0.15997 0.16098 0.165343 0.167434 0.164879 0.156906 0.148042 0.149281 0.153716 0.146448 0.128925 0.11289 0.116765 0.138291 0.149314 0.159266 0.175208 0.186375 0.18668 0.17852 0.168506 0.16345 0.164455 0.160936 0.140049 0.101668 0.147969 0.174445 0.185963 0.194663 0.21175 0.233717 0.25294 0.2643 0.266528 0.260854 0.249001 0.235323 0.224866 0.221346 0.222207 0.222684 0.224743 0.235923 0.2593 0.290035 -9999 -9999 -9999 -9999 -9999 -9999 -9999 -9999 -9999 -9999 -9999 -9999 -9999 -9999 -9999 -9999 -9999 -9999 -9999
-9999 -9999 0.275184 0.211497 0.148539 0.126347 0.154751 0.168195 0.16759 0.159295 0.153603 0.154278 0.157459 0.156525 0.142479 0.116776 0.107086 0.11053 0.132055 0.127996 0.129291 0.16173 0.182684 0.187742 0.178887 0.15946 0.141123 0.14709 0.15555 0.149566 0.144181 0.166443 0.192991 0.212141 0.227315 0.242838 0.257969 0.269833 0.274464 0.270238 0.256595 0.234809 0.209213 0.189266 0.185851 0.189772 0.186803 0.179023 0.188081 0.220492 -9999 -9999 -9999 -9999 -9999 -9999 -9999 -9999 -9999 -9999 -9999 -9999 -9999 -9999 -9999 -9999 -9999 -9999 -9999 -9999
-9999 -9999 0.280289 0.220233 0.163182 0.143561 0.164086 0.172682 0.162738 0.139089 0.130541 0.141615 0.150779 0.154273 0.141683 0.111404 0.116882 0.128964 0.136492 0.126622 0.125426 0.160121 0.182218 0.188062 0.177917 0.15096 0.105158 0.1333 0.156091 0.165742 0.175156 0.193444 0.216243 0.237024 0.254503 0.268839 0.28048 0.28714 0.286431 0.276367 0.255942 0.224892 0.18435 0.144374 0.148694 0.165567 0.161341 0.134407 0.139575 0.191616 -9999 -9999 -9999 -9999 -9999 -9999 -9999 -9999 -9999 -9999 -9999 -9999 -9999 -9999 -9999 -9999 -9999 -9999 -9999 -9999
-9999 -9999 0.300809 0.251998 0.212005 0.193302 0.191812 0.187059 0.167154 0.128541 0.111386 0.119951 0.133453 0.15155 0.151111 0.137835 0.12837 0.131159 0.142539 0.147558 0.154388 0.170727 0.18487 0.189352 0.181642 0.16216 0.142007 0.145192 0.158231 0.172398 0.190497 0.212766 0.236583 0.258706 0.277398 0.291736 0.301197 0.304639 0.300479 0.287345 0.263832 0.229214 0.183329 0.130116 0.141606 0.165327 0.164624 0.1446 0.149552 0.191277 -9999 -9999 -9999 -9999 -9999 -9999 -9999 -9999 -9999 -9999 -9999 -9999 -9999 -9999 -9999 -9999 -9999 -9999 -9999 -9999
-9999 -9999 0.32969 0.290103 0.258307 0.237997 0.225634 0.211864 0.189874 0.161433 0.139549 0.116835 0.129402 0.156298 0.161733 0.149603 0.12242 0.113253 0.142498 0.156713 0.165736 0.175066 0.18326 0.187629 0.185313 0.17546 0.162375 0.152163 0.149223 0.16496 0.193687 0.223881 0.25192 0.276547 0.296693 0.311764 0.320977 0.323192 0.317767 0.304392 0.281929 0.251659 0.216121 0.187024 0.184136 0.19348 0.194652 0.189792 0.1948 0.214618 0.23616 -9999 -9999 -9999 -9999 -9999 -9999 -9999 -9999 -9999 -9999 -9999 -9999 -9999 -9999 -9999 -9999 -9999 -9999 -9999
