mGstat/examples/gstat_examples/lzn_okpr
NCOLS               80
NROWS              115
XLLCORNER       178400
YLLCORNER       329400
CELLSIZE            40
NODATA_VALUE     -9999
[rows 64 to 95 of 115, columns 0 to 71 of 80]
-9999 -9999 -9999 -9999 -9999 -9999 -9999 -9999 -9999 -9999 -9999 -9999 -9999 -9999 -9999 -9999 -9999 -9999 -9999 -9999 -9999 -9999 -9999 6.45571 6.19354 5.83507 5.56748 5.56807 5.58373 5.51437 5.36421 5.24234 5.15046 5.06742 5.01636 4.99837 4.98623 4.98338 4.99324 5.01373 5.0218 5.03549 5.05437 5.0459 5.03935 5.02707 5.00966 4.97033 4.92231 4.88718 4.84871 4.84507 4.84456 4.86903 4.89158 4.92029 4.89741 -9999 -9999 -9999 -9999 -9999 -9999 -9999 -9999 -9999 -9999 -9999 -9999 -9999 -9999 -9999
-9999 -9999 -9999 -9999 -9999 -9999 -9999 -9999 -9999 -9999 -9999 -9999 -9999 -9999 -9999 -9999 -9999 -9999 -9999 -9999 -9999 -9999 6.64262 6.48941 6.18167 5.85321 5.61963 5.53743 5.50908 5.44506 5.33021 5.2141 5.11853 5.06095 5.01114 4.99571 4.97613 4.97817 4.96531 4.97689 4.96731 4.97677 4.96751 4.95564 4.94462 4.94451 4.92843 4.90565 4.87537 4.84368 4.85662 4.85531 4.87052 4.84685 4.91491 4.93774 -9999 -9999 -9999 -9999 -9999 -9999 -9999 -9999 -9999 -9999 -9999 -9999 -9999 -9999 -9999 -9999
-9999 -9999 -9999 -9999 -9999 -9999 -9999 -9999 -9999 -9999 -9999 -9999 -9999 -9999 -9999 -9999 -9999 -9999 -9999 -9999 -9999 6.70853 6.63476 6.47571 6.20736 5.91297 5.67054 5.54897 5.48536 5.39346 5.28608 5.18741 5.09974 5.02942 5.00438 4.98548 4.97053 4.96038 4.94986 4.94774 4.94086 4.9243 4.92124 4.9086 4.89633 4.88932 4.87807 4.86763 4.82508 4.80031 4.85077 4.86682 4.88063 4.89474 4.89417 4.89598 -9999 -9999 -9999 -9999 -9999 -9999 -9999 -9999 -9999 -9999 -9999 -9999 -9999 -9999 -9999 -9999
-9999 -9999 -9999 -9999 -9999 -9999 -9999 -9999 -9999 -9999 -9999 -9999 -9999 -9999 -9999 -9999 -9999 -9999 -9999 -9999 6.7576 6.68625 6.59614 6.44715 6.23771 5.99555 5.73299 5.59808 5.51419 5.39838 5.27797 5.15507 5.05438 4.99398 4.98147 4.97817 4.97048 4.95352 4.93939 4.92841 4.91949 4.90123 4.89535 4.88205 4.86589 4.85199 4.84172 4.82887 4.82484 4.77848 4.7847 4.7881 4.88238 4.81167 4.78989 -9999 -9999 -9999 -9999 -9999 -9999 -9999 -9999 -9999 -9999 -9999 -9999 -9999 -9999 -9999 -9999 -9999
-9999 -9999 -9999 -9999 -9999 -9999 -9999 -9999 -9999 -9999 -9999 -9999 -9999 -9999 -9999 -9999 -9999 -9999 -9999 6.80379 6.73526 6.66257 6.57812 6.46098 6.3012 6.11202 5.92278 5.75029 5.59773 5.43655 5.27507 5.12696 5.00606 4.94005 4.96246 4.9912 4.97523 4.94679 4.93045 4.91924 4.91606 4.90885 4.88683 4.87511 4.84757 4.83226 4.81556 4.78858 4.81403 4.77334 4.80027 4.8162 4.83595 4.85396 4.82125 -9999 -9999 -9999 -9999 -9999 -9999 -9999 -9999 -9999 -9999 -9999 -9999 -9999 -9999 -9999 -9999 -9999
-9999 -9999 -9999 -9999 -9999 -9999 -9999 -9999 -9999 -9999 -9999 -9999 -9999 -9999 -9999 -9999 -9999 -9999 6.85097 6.78122 6.71101 6.64984 6.58425 6.50277 6.40347 6.27734 6.12452 5.93151 5.72454 5.49868 5.28485 5.1136 4.98963 4.93043 4.95136 4.98159 4.96979 4.9471 4.92869 4.9251 4.92439 4.91942 4.89942 4.8707 4.84492 4.82027 4.78977 4.7698 4.77575 4.78759 4.77033 4.76505 4.77437 4.84576 -9999 -9999 -9999 -9999 -9999 -9999 -9999 -9999 -9999 -9999 -9999 -9999 -9999 -9999 -9999 -9999 -9999 -9999
-9999 -9999 -9999 -9999 -9999 -9999 -9999 -9999 -9999 -9999 -9999 -9999 -9999 -9999 -9999 -9999 -9999 -9999 6.84532 6.76128 6.67909 6.63819 6.59134 6.54266 6.49494 6.43635 6.33817 6.13745 5.85711 5.56667 5.30026 5.08753 4.98006 4.937 4.93302 4.95367 4.95703 4.94312 4.92499 4.91389 4.91796 4.92619 4.90077 4.86366 4.83854 4.81246 4.78369 4.76297 4.76137 4.78649 4.81341 4.88321 4.82769 4.75397 -9999 -9999 -9999 -9999 -9999 -9999 -9999 -9999 -9999 -9999 -9999 -9999 -9999 -9999 -9999 -9999 -9999 -9999
-9999 -9999 -9999 -9999 -9999 -9999 -9999 -9999 -9999 -9999 -9999 -9999 -9999 -9999 -9999 -9999 -9999 6.91982 6.83783 6.74977 6.6672 6.61089 6.56936 6.55666 6.54231 6.54952 6.55707 6.30686 5.94464 5.61739 5.31504 5.07317 4.99014 4.94847 4.93624 4.94948 4.95334 4.94167 4.93181 4.91559 4.90647 4.89272 4.879 4.86082 4.84106 4.8152 4.78875 4.7713 4.77488 4.80447 4.85314 4.88867 4.82451 -9999 -9999 -9999 -9999 -9999 -9999 -9999 -9999 -9999 -9999 -9999 -9999 -9999 -9999 -9999 -9999 -9999 -9999 -9999
-9999 -9999 -9999 -9999 -9999 -9999 -9999 -9999 -9999 -9999 -9999 -9999 -9999 -9999 -9999 -9999 -9999 6.92385 6.83401 6.74106 6.65093 6.58633 6.54563 6.51897 6.4998 6.53456 6.52329 6.29327 5.95305 5.63187 5.36002 5.15017 5.03477 4.98756 4.97229 4.97072 4.96988 4.96706 4.94637 4.90071 4.89232 4.88894 4.88062 4.86389 4.84555 4.81385 4.79373 4.79774 4.81285 4.85146 4.89248 4.9422 4.85377 -9999 -9999 -9999 -9999 -9999 -9999 -9999 -9999 -9999 -9999 -9999 -9999 -9999 -9999 -9999 -9999 -9999 -9999 -9999
-9999 -9999 -9999 -9999 -9999 -9999 -9999 -9999 -9999 -9999 -9999 -9999 -9999 -9999 -9999 -9999 -9999 6.92313 6.81287 6.7054 6.61299 6.52381 6.46701 6.43347 6.4101 6.4037 6.32055 6.13676 5.87299 5.60244 5.36874 5.18749 5.06941 5.01871 5.01582 5.01944 5.00272 4.99192 4.96967 4.92935 4.91852 4.91584 4.90512 4.8848 4.86536 4.85106 4.81219 4.80965 4.85035 4.89009 4.93767 4.98237 -9999 -9999 -9999 -9999 -9999 -9999 -9999 -9999 -9999 -9999 -9999 -9999 -9999 -9999 -9999 -9999 -9999 -9999 -9999 -9999
-9999 -9999 -9999 -9999 -9999 -9999 -9999 -9999 -9999 -9999 -9999 -9999 -9999 -9999 -9999 -9999 7.01646 6.90325 6.76313 6.64497 6.52586 6.44246 6.35679 6.30758 6.26212 6.24194 6.1278 5.97405 5.76369 5.54131 5.32695 5.17708 5.07643 5.05435 5.06768 5.10171 5.09387 5.07803 5.04959 5.01189 4.98308 4.9615 4.94195 4.92064 4.90259 4.85994 4.84413 4.84425 4.86945 4.93385 4.94924 4.9969 -9999 -9999 -9999 -9999 -9999 -9999 -9999 -9999 -9999 -9999 -9999 -9999 -9999 -9999 -9999 -9999 -9999 -9999 -9999 -9999
-9999 -9999 -9999 -9999 -9999 -9999 -9999 -9999 -9999 -9999 -9999 -9999 -9999 -9999 7.08778 7.0297 6.95156 6.82618 6.67282 6.54641 6.4142 6.31295 6.23346 6.1678 6.11407 6.05858 5.96609 5.84076 5.66776 5.47831 5.29811 5.14435 5.06483 5.09415 5.15937 5.18695 5.20501 5.19959 5.15817 5.11215 5.06529 5.02892 4.999 4.98719 4.9306 4.90367 4.88337 4.89274 4.92886 4.97748 5.01262 -9999 -9999 -9999 -9999 -9999 -9999 -9999 -9999 -9999 -9999 -9999 -9999 -9999 -9999 -9999 -9999 -9999 -9999 -9999 -9999 -9999
-9999 -9999 -9999 -9999 -9999 -9999 -9999 -9999 -9999 -9999 -9999 -9999 7.02348 7.07337 7.07224 6.9448 6.83056 6.71184 6.56239 6.42321 6.28109 6.16578 6.07006 6.00208 5.93717 5.88333 5.80066 5.69597 5.57392 5.42127 5.26634 5.11773 5.02752 5.15732 5.28616 5.35225 5.3693 5.3421 5.28793 5.21689 5.15502 5.1046 5.06934 5.03193 5.00146 4.96706 4.95792 4.97267 5.01801 5.06782 5.11601 -9999 -9999 -9999 -9999 -9999 -9999 -9999 -9999 -9999 -9999 -9999 -9999 -9999 -9999 -9999 -9999 -9999 -9999 -9999 -9999 -9999
-9999 -9999 -9999 -9999 -9999 -9999 -9999 -9999 -9999 -9999 -9999 6.93961 6.97827 6.98102 6.92124 6.75581 6.68939 6.61075 6.47528 6.30423 6.13927 5.99517 5.90492 5.8307 5.77945 5.72572 5.66666 5.60394 5.49813 5.38634 5.27905 5.19533 5.18593 5.29979 5.45545 5.54973 5.56951 5.51385 5.42212 5.32363 5.23957 5.18221 5.13392 5.10611 5.06149 5.03625 5.05301 5.07455 5.11383 5.15441 5.18072 -9999 -9999 -9999 -9999 -9999 -9999 -9999 -9999 -9999 -9999 -9999 -9999 -9999 -9999 -9999 -9999 -9999 -9999 -9999 -9999 -9999
-9999 -9999 -9999 -9999 -9999 -9999 -9999 -9999 -9999 -9999 6.89115 6.8975 6.91973 6.8766 6.75492 6.5785 6.59061 6.51826 6.3803 6.17592 5.97642 5.81575 5.70215 5.64704 5.61589 5.60596 5.5659 5.50944 5.45247 5.39002 5.33038 5.31845 5.34048 5.46729 5.63152 5.77445 5.81102 5.70603 5.55595 5.41306 5.31568 5.24545 5.20446 5.18011 5.14807 5.14275 5.14103 5.17464 5.20632 5.25812 5.25954 -9999 -9999 -9999 -9999 -9999 -9999 -9999 -9999 -9999 -9999 -9999 -9999 -9999 -9999 -9999 -9999 -9999 -9999 -9999 -9999 -9999
-9999 -9999 -9999 -9999 -9999 -9999 -9999 -9999 -9999 -9999 6.81074 6.85385 6.87392 6.7999 6.67383 6.56875 6.50712 6.41272 6.23886 6.01739 5.79505 5.61028 5.48552 5.46832 5.48815 5.49081 5.48446 5.4542 5.41223 5.37387 5.37744 5.40685 5.45515 5.59266 5.78582 5.99593 6.09195 5.8801 5.65074 5.47235 5.37474 5.31805 5.27409 5.24911 5.2521 5.25836 5.27643 5.31161 5.33783 5.36943 -9999 -9999 -9999 -9999 -9999 -9999 -9999 -9999 -9999 -9999 -9999 -9999 -9999 -9999 -9999 -9999 -9999 -9999 -9999 -9999 -9999 -9999
-9999 -9999 -9999 -9999 -9999 -9999 -9999 -9999 -9999 6.68551 6.73247 6.77949 6.8239 6.69883 6.58038 6.52051 6.45113 6.33973 6.11403 5.85169 5.633 5.4505 5.33499 5.34209 5.36691 5.39432 5.41079 5.39313 5.37738 5.37562 5.38687 5.41013 5.51577 5.64891 5.84009 6.04352 6.1319 5.92931 5.68771 5.47213 5.43991 5.4205 5.37474 5.36059 5.37362 5.3912 5.40655 5.44319 5.46539 5.48908 -9999 -9999 -9999 -9999 -9999 -9999 -9999 -9999 -9999 -9999 -9999 -9999 -9999 -9999 -9999 -9999 -9999 -9999 -9999 -9999 -9999 -9999
-9999 -9999 -9999 -9999 -9999 -9999 -9999 -9999 6.62082 6.58791 6.61745 6.64231 6.62746 6.49499 6.46596 6.4698 6.39317 6.2545 5.9753 5.66708 5.48632 5.36161 5.29511 5.28371 5.30018 5.32833 5.34243 5.34859 5.35478 5.36238 5.35633 5.41992 5.50117 5.62916 5.78631 5.92101 5.96421 5.87267 5.71994 5.58383 5.55301 5.54019 5.53454 5.50679 5.5222 5.53581 5.56373 5.60566 5.61452 5.611 -9999 -9999 -9999 -9999 -9999 -9999 -9999 -9999 -9999 -9999 -9999 -9999 -9999 -9999 -9999 -9999 -9999 -9999 -9999 -9999 -9999 -9999
-9999 -9999 -9999 -9999 -9999 -9999 -9999 6.5423 6.5274 6.50921 6.4925 6.49985 6.48001 6.42819 6.41681 6.41004 6.33785 6.16718 5.86367 5.51663 5.39392 5.31299 5.2561 5.24117 5.25274 5.27386 5.28917 5.30709 5.3173 5.34614 5.34041 5.39947 5.47571 5.57477 5.68632 5.78521 5.83184 5.81577 5.75914 5.70622 5.69042 5.68516 5.69591 5.69727 5.70574 5.72076 5.72824 5.78312 5.78136 5.64307 5.61807 -9999 -9999 -9999 -9999 -9999 -9999 -9999 -9999 -9999 -9999 -9999 -9999 -9999 -9999 -9999 -9999 -9999 -9999 -9999 -9999 -9999
-9999 -9999 -9999 -9999 -9999 -9999 -9999 6.47237 6.44289 6.40393 6.37485 6.38667 6.38192 6.36905 6.35928 6.34677 6.30262 6.1627 5.83348 5.54513 5.37443 5.27349 5.23287 5.21811 5.22307 5.23243 5.2428 5.26245 5.28764 5.312 5.2959 5.34676 5.42339 5.49382 5.57452 5.66463 5.73373 5.77144 5.78918 5.80305 5.8112 5.84359 5.86576 5.8615 5.87334 5.87557 5.91152 5.93642 5.92087 5.79669 5.7592 -9999 -9999 -9999 -9999 -9999 -9999 -9999 -9999 -9999 -9999 -9999 -9999 -9999 -9999 -9999 -9999 -9999 -9999 -9999 -9999 -9999
-9999 -9999 -9999 -9999 -9999 -9999 6.45525 6.40999 6.37516 6.33427 6.30782 6.30217 6.30023 6.30021 6.29261 6.26706 6.20862 6.05869 5.7361 5.50895 5.36533 5.27551 5.21259 5.18989 5.18972 5.20601 5.21433 5.22535 5.24452 5.24379 5.26155 5.29671 5.33709 5.39069 5.46327 5.55795 5.65893 5.74206 5.81188 5.88831 5.95537 5.97537 6.01581 6.02237 6.0369 6.0662 6.07047 6.09674 5.9647 5.92059 5.8717 -9999 -9999 -9999 -9999 -9999 -9999 -9999 -9999 -9999 -9999 -9999 -9999 -9999 -9999 -9999 -9999 -9999 -9999 -9999 -9999 -9999
-9999 -9999 -9999 -9999 -9999 6.38433 6.37736 6.35897 6.31761 6.27712 6.24234 6.22516 6.22234 6.2325 6.22369 6.18373 6.06791 5.80254 5.5608 5.44254 5.34276 5.26303 5.20037 5.1765 5.17606 5.18161 5.19154 5.201 5.18809 5.21733 5.24641 5.25827 5.27749 5.29098 5.33762 5.46248 5.60743 5.74566 5.85663 5.95718 6.04468 6.09401 6.10453 6.15798 6.21064 6.21259 6.21594 6.20167 6.06803 5.98824 5.92703 -9999 -9999 -9999 -9999 -9999 -9999 -9999 -9999 -9999 -9999 -9999 -9999 -9999 -9999 -9999 -9999 -9999 -9999 -9999 -9999 -9999
-9999 -9999 -9999 -9999 6.35153 6.34839 6.32965 6.3094 6.26519 6.2184 6.17621 6.14432 6.14378 6.16037 6.16574 6.14242 6.03998 5.79112 5.56438 5.43412 5.33313 5.25134 5.19619 5.16218 5.15446 5.16186 5.16375 5.18074 5.18209 5.20449 5.23151 5.2422 5.24623 5.23976 5.22393 5.41605 5.60742 5.79091 5.94236 6.08479 6.1662 6.24612 6.26476 6.33394 6.37814 6.37776 6.35417 6.23067 6.16838 6.10042 6.02786 5.94635 -9999 -9999 -9999 -9999 -9999 -9999 -9999 -9999 -9999 -9999 -9999 -9999 -9999 -9999 -9999 -9999 -9999 -9999 -9999 -9999
-9999 -9999 -9999 6.33356 6.33597 6.32283 6.28661 6.25225 6.20508 6.15472 6.11002 6.07722 6.07938 6.10134 6.11321 6.10787 6.05201 5.80473 5.58625 5.4268 5.32538 5.25388 5.19214 5.16574 5.15086 5.15626 5.14793 5.15821 5.17272 5.20163 5.2273 5.23661 5.24277 5.26415 5.31917 5.45806 5.64488 5.83958 6.01605 6.17421 6.32312 6.43614 6.47796 6.55264 6.55901 6.54185 6.429 6.36171 6.28594 6.20466 6.12916 6.02752 -9999 -9999 -9999 -9999 -9999 -9999 -9999 -9999 -9999 -9999 -9999 -9999 -9999 -9999 -9999 -9999 -9999 -9999 -9999 -9999
-9999 -9999 -9999 6.31373 6.31368 6.29422 6.25398 6.20009 6.14318 6.08951 6.04853 6.03079 6.03169 6.04768 6.05488 6.02798 5.9254 5.75302 5.57838 5.42128 5.30675 5.23006 5.18112 5.16054 5.1331 5.12598 5.14051 5.13558 5.16621 5.19508 5.25105 5.2582 5.27903 5.32721 5.40821 5.53691 5.71666 5.90829 6.09454 6.29095 6.43467 6.57137 6.64106 6.72085 6.74463 6.64771 6.58079 6.48531 6.39299 6.30138 6.20346 -9999 -9999 -9999 -9999 -9999 -9999 -9999 -9999 -9999 -9999 -9999 -9999 -9999 -9999 -9999 -9999 -9999 -9999 -9999 -9999 -9999
-9999 -9999 6.26901 6.29421 6.29563 6.27237 6.21308 6.15049 6.08476 6.02529 5.98657 5.97503 5.98381 6.00156 6.00849 5.97941 5.87248 5.72303 5.57449 5.41108 5.28771 5.22269 5.17724 5.1565 5.12743 5.11512 5.12383 5.1199 5.14879 5.19308 5.23293 5.27623 5.32073 5.39171 5.48893 5.62733 5.79627 5.98432 6.19038 6.37204 6.55347 6.6984 6.79122 6.89066 6.87216 6.81406 6.70104 6.58647 6.47804 6.377 -9999 -9999 -9999 -9999 -9999 -9999 -9999 -9999 -9999 -9999 -9999 -9999 -9999 -9999 -9999 -9999 -9999 -9999 -9999 -9999 -9999 -9999
-9999 -9999 6.28577 6.26891 6.26317 6.23389 6.17536 6.10622 6.03214 5.95972 5.91895 5.91978 5.93669 5.95931 5.97571 5.96638 5.89181 5.76721 5.60642 5.43569 5.30046 5.23393 5.18518 5.15918 5.1245 5.10584 5.10234 5.1042 5.13172 5.17729 5.23019 5.28775 5.35699 5.44793 5.56057 5.70636 5.87355 6.06082 6.23799 6.44562 6.63222 6.79152 6.91196 7.03452 7.03365 6.92717 6.80257 6.65664 6.53691 6.42903 -9999 -9999 -9999 -9999 -9999 -9999 -9999 -9999 -9999 -9999 -9999 -9999 -9999 -9999 -9999 -9999 -9999 -9999 -9999 -9999 -9999 -9999
-9999 -9999 6.24205 6.23919 6.2191 6.18692 6.13562 6.06988 5.99449 5.91381 5.86827 5.8741 5.89404 5.92146 5.94698 5.95742 5.93237 5.83062 5.65753 5.47895 5.34821 5.26085 5.20304 5.15998 5.11355 5.09889 5.09686 5.08918 5.11195 5.15785 5.21881 5.28872 5.3738 5.47695 5.60002 5.73406 5.93317 6.12711 6.29366 6.49205 6.6694 6.80031 6.92088 7.10695 7.08827 6.97215 6.84471 6.69671 6.57287 6.45359 -9999 -9999 -9999 -9999 -9999 -9999 -9999 -9999 -9999 -9999 -9999 -9999 -9999 -9999 -9999 -9999 -9999 -9999 -9999 -9999 -9999 -9999
-9999 -9999 6.22703 6.21576 6.19005 6.15802 6.11117 6.05132 5.98342 5.91719 5.87235 5.85428 5.86211 5.88466 5.90917 5.93793 5.96883 5.89804 5.67423 5.49287 5.36574 5.27985 5.22129 5.17329 5.1208 5.09951 5.07776 5.07562 5.09436 5.14555 5.21132 5.29104 5.38878 5.50767 5.62069 5.76644 5.92944 6.07388 6.25181 6.44359 6.61029 6.73873 6.86172 6.97832 6.99948 6.94125 6.83493 6.71231 6.58318 6.46456 6.35945 -9999 -9999 -9999 -9999 -9999 -9999 -9999 -9999 -9999 -9999 -9999 -9999 -9999 -9999 -9999 -9999 -9999 -9999 -9999 -9999 -9999
-9999 -9999 6.21734 6.20115 6.17411 6.14388 6.10165 6.04856 5.98924 5.93174 5.88313 5.85522 5.84596 5.8482 5.85574 5.86946 5.86998 5.78819 5.60809 5.44577 5.34182 5.27866 5.24247 5.19597 5.13485 5.10468 5.07273 5.06425 5.07434 5.13347 5.21012 5.2994 5.41662 5.52012 5.66827 5.78353 5.94462 6.11731 6.2497 6.40103 6.56961 6.66806 6.75666 -9999 -9999 -9999 -9999 6.68016 6.5597 6.45455 6.35622 -9999 -9999 -9999 -9999 -9999 -9999 -9999 -9999 -9999 -9999 -9999 -9999 -9999 -9999 -9999 -9999 -9999 -9999 -9999 -9999 -9999
-9999 -9999 6.21371 6.19365 6.17451 6.14769 6.09081 6.04669 5.99602 5.94422 5.89322 5.85661 5.82766 5.80437 5.78745 5.76328 5.71968 5.62648 5.48688 5.35351 5.29436 5.27929 5.26376 5.21388 5.15737 5.07346 5.0746 5.0637 5.07656 5.12817 5.21105 5.31889 5.4323 5.52543 5.67235 5.82658 5.9441 6.10341 6.21767 6.36145 -9999 -9999 -9999 -9999 -9999 -9999 -9999 -9999 -9999 -9999 -9999 -9999 -9999 -9999 -9999 -9999 -9999 -9999 -9999 -9999 -9999 -9999 -9999 -9999 -9999 -9999 -9999 -9999 -9999 -9999 -9999 -9999
-9999 6.31759 6.22259 6.19859 6.18172 6.13148 6.10255 6.04189 6.00235 5.95695 5.90891 5.86035 5.81169 5.76472 5.71331 5.65739 5.59057 5.49793 5.37788 5.24044 5.24685 5.27561 5.31518 5.23712 5.16602 5.08544 5.07389 5.06923 5.09277 5.13892 5.21894 5.31191 5.41963 5.55622 5.66092 5.81963 5.97296 6.12067 6.18317 -9999 -9999 -9999 -9999 -9999 -9999 -9999 -9999 -9999 -9999 -9999 -9999 -9999 -9999 -9999 -9999 -9999 -9999 -9999 -9999 -9999 -9999 -9999 -9999 -9999 -9999 -9999 -9999 -9999 -9999 -9999 -9999 -9999
