mGstat/examples/gstat_examples/sqd_okvr
NCOLS               80
NROWS              115
XLLCORNER       178400
YLLCORNER       329400
CELLSIZE            40
NODATA_VALUE     -9999
[rows 58 to 86 of 115, columns 0 to 66 of 80]
-9999 -9999 -9999 -9999 -9999 -9999 -9999 -9999 -9999 -9999 -9999 -9999 -9999 -9999 -9999 -9999 -9999 -9999 -9999 -9999 -9999 -9999 -9999 -9999 -9999 -9999 0.00659876 0.00478181 0.00755077 0.00921493 0.00962488 0.010511 0.0128123 0.0154172 0.0174378 0.0185412 0.0185726 0.0174288 0.015113 0.0120048 0.00946814 0.00920525 0.00986192 0.00970988 0.00860161 0.00734538 0.00651022 0.00673802 0.00640876 0.00729962 0.00745397 0.00595138 0.00846333 0.0136992 0.0192158 0.0246439 0.0299756 0.0349871 0.0396937 0.0445624 -9999 -9999 -9999 -9999 -9999 -9999 -9999
-9999 -9999 -9999 -9999 -9999 -9999 -9999 -9999 -9999 -9999 -9999 -9999 -9999 -9999 -9999 -9999 -9999 -9999 -9999 -9999 -9999 -9999 -9999 -9999 -9999 -9999 0.00547042 0.00279698 0.00638484 0.00928983 0.0112673 0.0127685 0.014416 0.0161918 0.0177609 0.0187895 0.0190121 0.0182997 0.0166993 0.0145597 0.0124891 0.0108614 0.00935141 0.00776379 0.00554916 0.00550952 0.00803666 0.00955204 0.0100931 0.010297 0.0101377 0.0100776 0.0118224 0.0155733 0.0203651 0.0254423 0.0306301 0.0357109 0.0404343 -9999 -9999 -9999 -9999 -9999 -9999 -9999 -9999
-9999 -9999 -9999 -9999 -9999 -9999 -9999 -9999 -9999 -9999 -9999 -9999 -9999 -9999 -9999 -9999 -9999 -9999 -9999 -9999 -9999 -9999 -9999 -9999 -9999 0.00953879 0.00689017 0.00398357 0.00386814 0.00855157 0.0115135 0.0132246 0.0144856 0.015812 0.0172286 0.0183925 0.0189599 0.0187254 0.0177079 0.0160506 0.0138782 0.0110543 0.00727962 0.00436316 0.00326246 0.00435272 0.00894697 0.0113013 0.0120498 0.0118338 0.0112931 0.0114121 0.0131769 0.0166317 0.0211815 0.0261202 0.0312187 0.0362276 0.0413122 -9999 -9999 -9999 -9999 -9999 -9999 -9999 -9999
-9999 -9999 -9999 -9999 -9999 -9999 -9999 -9999 -9999 -9999 -9999 -9999 -9999 -9999 -9999 -9999 -9999 -9999 -9999 -9999 -9999 -9999 -9999 -9999 -9999 0.00695369 0.00675137 0.00518073 0.00493996 0.00854459 0.0110783 0.0122769 0.0128813 0.0139148 0.0155954 0.0172375 0.0182765 0.0185018 0.0179482 0.0166413 0.0145172 0.0112826 0.00652451 0.00248481 0.00588559 0.00811713 0.0108114 0.0125771 0.0128338 0.0117509 0.0101074 0.00980637 0.0122517 0.0165063 0.0214624 0.0266047 0.031696 0.0367656 -9999 -9999 -9999 -9999 -9999 -9999 -9999 -9999 -9999
-9999 -9999 -9999 -9999 -9999 -9999 -9999 -9999 -9999 -9999 -9999 -9999 -9999 -9999 -9999 -9999 -9999 -9999 -9999 -9999 -9999 -9999 -9999 -9999 0.00628989 0.00165854 0.00593748 0.00702936 0.00728778 0.00858059 0.0100479 0.0102339 0.00950919 0.0103418 0.012992 0.0154764 0.0170019 0.0175735 0.0173984 0.0165328 0.0148574 0.0122493 0.00913159 0.0074797 0.00856065 0.0104937 0.0124007 0.013491 0.0130779 0.0108393 0.00699883 0.00524126 0.010015 0.0159145 0.0216437 0.0270656 0.0323721 0.0373673 -9999 -9999 -9999 -9999 -9999 -9999 -9999 -9999 -9999
-9999 -9999 -9999 -9999 -9999 -9999 -9999 -9999 -9999 -9999 -9999 -9999 -9999 -9999 -9999 -9999 -9999 -9999 -9999 -9999 -9999 -9999 -9999 -9999 0.00662708 0.00415388 0.00507901 0.00659479 0.00589973 0.00644058 0.00847052 0.00802979 0.00462174 0.00558408 0.0104247 0.0136441 0.0152742 0.015878 0.0159787 0.015683 0.0147066 0.012843 0.0104523 0.00872527 0.00900629 0.0109715 0.0130324 0.0140673 0.0134692 0.0108743 0.00613608 0.00321858 0.00977958 0.0163239 0.0224077 0.0279541 0.0331734 -9999 -9999 -9999 -9999 -9999 -9999 -9999 -9999 -9999 -9999
-9999 -9999 -9999 -9999 -9999 -9999 -9999 -9999 -9999 -9999 -9999 -9999 -9999 -9999 -9999 -9999 -9999 -9999 -9999 -9999 -9999 -9999 -9999 0.00771367 0.00672176 0.00411724 0.00256538 0.00575824 0.00331132 0.00383899 0.00782495 0.00785359 0.00473059 0.00547912 0.00970854 0.0122861 0.0131889 0.0132431 0.0134895 0.0140011 0.0139158 0.0125815 0.0098684 0.00642856 0.00625984 0.00992859 0.0129882 0.0145053 0.0143599 0.0126718 0.0102453 0.00976397 0.0132539 0.0185185 0.0240096 0.0293348 0.0344651 -9999 -9999 -9999 -9999 -9999 -9999 -9999 -9999 -9999 -9999
-9999 -9999 -9999 -9999 -9999 -9999 -9999 -9999 -9999 -9999 -9999 -9999 -9999 -9999 -9999 -9999 -9999 -9999 -9999 -9999 -9999 -9999 0.00661108 0.00284086 0.00603338 0.00613938 0.00567044 0.00660338 0.00649482 0.00728429 0.0092431 0.00956908 0.00865542 0.00884523 0.0103295 0.0112248 0.0106706 0.00931429 0.00968073 0.0116555 0.012782 0.0121056 0.00936465 0.00430063 0.00372038 0.00939565 0.013043 0.0149452 0.0154311 0.0149508 0.0143319 0.014918 0.01746 0.0215642 0.0262575 0.0311317 -9999 -9999 -9999 -9999 -9999 -9999 -9999 -9999 -9999 -9999 -9999
-9999 -9999 -9999 -9999 -9999 -9999 -9999 -9999 -9999 -9999 -9999 -9999 -9999 -9999 -9999 -9999 -9999 -9999 -9999 -9999 -9999 0.00918788 0.00616166 0.0045235 0.00689012 0.00705438 0.00538085 0.00613474 0.00836274 0.0099368 0.0108917 0.010819 0.0100917 0.00980131 0.0100696 0.00986514 0.00818885 0.00420665 0.00507172 0.00960643 0.0118397 0.0119361 0.0103487 0.00805756 0.00803969 0.0108064 0.0134876 0.0152049 0.0160825 0.0165289 0.017086 0.0184513 0.0209205 0.0244676 0.0286769 0.0334765 -9999 -9999 -9999 -9999 -9999 -9999 -9999 -9999 -9999 -9999 -9999
-9999 -9999 -9999 -9999 -9999 -9999 -9999 -9999 -9999 -9999 -9999 -9999 -9999 -9999 -9999 -9999 -9999 -9999 -9999 -9999 0.00892187 0.00582981 0.00680024 0.00806038 0.00877599 0.00743597 0.00276172 0.00467069 0.00899254 0.0110354 0.011489 0.0105981 0.00883162 0.00786259 0.00805202 0.00763308 0.00691652 0.0048397 0.00578693 0.00939232 0.0112548 0.0115663 0.0110982 0.0105533 0.0107973 0.0120461 0.0135485 0.0147491 0.0157245 0.0168474 0.0184178 0.0205959 0.0233923 0.0269723 0.0310622 -9999 -9999 -9999 -9999 -9999 -9999 -9999 -9999 -9999 -9999 -9999 -9999
-9999 -9999 -9999 -9999 -9999 -9999 -9999 -9999 -9999 -9999 -9999 -9999 -9999 -9999 -9999 -9999 -9999 -9999 -9999 0.0111969 0.00596163 0.00128728 0.00693239 0.00972784 0.0103584 0.0091221 0.0070874 0.00766735 0.0100202 0.011322 0.0110817 0.00935724 0.00580539 0.00316309 0.00519955 0.00326224 0.00595179 0.0078534 0.00902788 0.0101687 0.0103429 0.00994301 0.0101175 0.0105805 0.0109314 0.0115485 0.0123591 0.0130028 0.0139051 0.0156827 0.0182851 0.0213977 0.0248774 0.0286825 0.0330582 -9999 -9999 -9999 -9999 -9999 -9999 -9999 -9999 -9999 -9999 -9999 -9999
-9999 -9999 -9999 -9999 -9999 -9999 -9999 -9999 -9999 -9999 -9999 -9999 -9999 -9999 -9999 -9999 -9999 -9999 0.0136714 0.00859813 0.00545347 0.00588732 0.0087919 0.0110181 0.0113992 0.0103632 0.00924441 0.00948395 0.0105768 0.0108776 0.00976412 0.00792202 0.00564961 0.00438032 0.0056168 0.00405183 0.00701926 0.00970261 0.0106707 0.0103322 0.00847111 0.0060856 0.00726215 0.00881171 0.00873949 0.0089929 0.00981311 0.00976388 0.0102964 0.0131363 0.0171672 0.0214145 0.0256355 0.0302524 -9999 -9999 -9999 -9999 -9999 -9999 -9999 -9999 -9999 -9999 -9999 -9999 -9999
-9999 -9999 -9999 -9999 -9999 -9999 -9999 -9999 -9999 -9999 -9999 -9999 -9999 -9999 -9999 -9999 -9999 -9999 0.0117564 0.00587806 0.00196737 0.00726929 0.0105313 0.0120644 0.0117048 0.00981512 0.00797526 0.00847446 0.0099414 0.00982882 0.00737206 0.00489109 0.00642369 0.00798406 0.00887535 0.0091342 0.0101669 0.0112206 0.0111938 0.00993647 0.00708958 0.00169582 0.00526534 0.00714544 0.0048842 0.00475087 0.00713345 0.0057072 0.00484734 0.0103494 0.0161227 0.0213705 0.0264062 0.0312572 -9999 -9999 -9999 -9999 -9999 -9999 -9999 -9999 -9999 -9999 -9999 -9999 -9999
-9999 -9999 -9999 -9999 -9999 -9999 -9999 -9999 -9999 -9999 -9999 -9999 -9999 -9999 -9999 -9999 -9999 0.0146483 0.0113375 0.00767165 0.00635963 0.00942653 0.0121044 0.0129905 0.0117886 0.00837044 0.00341009 0.00567322 0.00909431 0.00938187 0.00633737 0.0020785 0.00695094 0.0100386 0.0114988 0.0120942 0.0123167 0.0119521 0.0106391 0.00882313 0.00737645 0.00652643 0.00755872 0.0078157 0.00502155 0.00469652 0.00694176 0.00528813 0.00419365 0.0101733 0.0163098 0.022015 0.0273573 -9999 -9999 -9999 -9999 -9999 -9999 -9999 -9999 -9999 -9999 -9999 -9999 -9999 -9999
-9999 -9999 -9999 -9999 -9999 -9999 -9999 -9999 -9999 -9999 -9999 -9999 -9999 -9999 -9999 -9999 -9999 0.0125238 0.0113104 0.010412 0.010631 0.0122498 0.013832 0.014154 0.0126751 0.00926118 0.00510517 0.00670931 0.00983362 0.0105001 0.00905985 0.00794739 0.00953157 0.0116396 0.0129504 0.0134359 0.0131434 0.0117987 0.00899807 0.00555209 0.00618803 0.00854995 0.0100238 0.010179 0.00913272 0.00869343 0.00896766 0.00859339 0.00922475 0.0127528 0.017774 0.0231497 0.0284548 -9999 -9999 -9999 -9999 -9999 -9999 -9999 -9999 -9999 -9999 -9999 -9999 -9999 -9999
-9999 -9999 -9999 -9999 -9999 -9999 -9999 -9999 -9999 -9999 -9999 -9999 -9999 -9999 -9999 -9999 -9999 0.00917558 0.0101554 0.0112384 0.0125635 0.0141014 0.0152791 0.0154811 0.0144256 0.0123812 0.0106319 0.0108692 0.0120353 0.0122955 0.0115336 0.010887 0.0112754 0.0122735 0.0131148 0.0134246 0.0129619 0.0113868 0.00812635 0.00275786 0.00538769 0.00966171 0.0117602 0.0122131 0.0115761 0.0106605 0.01005 0.0102085 0.0117781 0.0150483 0.0195999 0.0246015 -9999 -9999 -9999 -9999 -9999 -9999 -9999 -9999 -9999 -9999 -9999 -9999 -9999 -9999 -9999
-9999 -9999 -9999 -9999 -9999 -9999 -9999 -9999 -9999 -9999 -9999 -9999 -9999 -9999 -9999 -9999 0.00421789 0.00477271 0.00776696 0.0101625 0.0126644 0.014733 0.0160656 0.0165089 0.0160989 0.0151477 0.0143156 0.0141039 0.0141167 0.0135883 0.0123583 0.0110822 0.0106785 0.0111428 0.0117287 0.0120581 0.01181 0.0108969 0.00930686 0.00780312 0.00892348 0.0114704 0.0130955 0.013344 0.0123367 0.0104029 0.00852299 0.00896613 0.0120327 0.0162297 0.0209642 0.0261026 -9999 -9999 -9999 -9999 -9999 -9999 -9999 -9999 -9999 -9999 -9999 -9999 -9999 -9999 -9999
-9999 -9999 -9999 -9999 -9999 -9999 -9999 -9999 -9999 -9999 -9999 -9999 -9999 -9999 0.00867573 0.00700829 0.00455207 0.00416574 0.00412488 0.00780102 0.0117608 0.0144378 0.0160459 0.0168247 0.0169497 0.0166608 0.0162692 0.015909 0.0153278 0.0140354 0.0117308 0.00883729 0.00746126 0.00813112 0.00863326 0.0093577 0.00935716 0.00932448 0.00990824 0.010609 0.0117264 0.0130769 0.0138958 0.0136982 0.0122064 0.00904834 0.00431797 0.0054763 0.0114048 0.0169739 0.0222342 -9999 -9999 -9999 -9999 -9999 -9999 -9999 -9999 -9999 -9999 -9999 -9999 -9999 -9999 -9999 -9999
-9999 -9999 -9999 -9999 -9999 -9999 -9999 -9999 -9999 -9999 -9999 -9999 0.0139676 0.00821217 0.00308656 0.00541379 0.00614929 0.00517293 0.00261694 0.00683313 0.0109623 0.0135826 0.0151593 0.0161251 0.0166406 0.0167666 0.0166595 0.0163788 0.0156786 0.014064 0.0109729 0.00595094 0.00201391 0.00468594 0.00364555 0.00623784 0.00551444 0.00578298 0.00910303 0.0113825 0.0127371 0.0135193 0.013764 0.0133868 0.0120557 0.00923587 0.0051701 0.0065114 0.0125565 0.0184044 0.0238118 -9999 -9999 -9999 -9999 -9999 -9999 -9999 -9999 -9999 -9999 -9999 -9999 -9999 -9999 -9999 -9999
-9999 -9999 -9999 -9999 -9999 -9999 -9999 -9999 -9999 -9999 -9999 0.0165887 0.0121629 0.00752356 0.00359645 0.00362853 0.00463922 0.00476012 0.00452081 0.00743093 0.0103813 0.0121122 0.0132104 0.0142802 0.0151318 0.0155087 0.0155976 0.0156258 0.0153586 0.0142274 0.0117192 0.00793601 0.00560918 0.00538755 0.0038135 0.00568572 0.00387796 0.00401235 0.00852882 0.0110769 0.0122648 0.0125248 0.0122956 0.0121446 0.0119346 0.0111104 0.0103294 0.0118029 0.0158697 0.0208224 0.0258675 -9999 -9999 -9999 -9999 -9999 -9999 -9999 -9999 -9999 -9999 -9999 -9999 -9999 -9999 -9999 -9999
-9999 -9999 -9999 -9999 -9999 -9999 -9999 -9999 -9999 -9999 0.0181855 0.014016 0.0104996 0.00805051 0.00580151 0.00237325 0.00119606 0.00332414 0.00260721 0.0073364 0.00945116 0.00965593 0.00981612 0.0113246 0.0126922 0.0130481 0.0130819 0.0136569 0.0144292 0.0144954 0.0134476 0.0116585 0.0101766 0.00904099 0.0077874 0.00677599 0.00586489 0.00665773 0.00857867 0.00991105 0.0105872 0.0102002 0.00907228 0.00946436 0.0112881 0.012857 0.0141812 0.0162932 0.0195937 0.0237476 0.028165 -9999 -9999 -9999 -9999 -9999 -9999 -9999 -9999 -9999 -9999 -9999 -9999 -9999 -9999 -9999 -9999
-9999 -9999 -9999 -9999 -9999 -9999 -9999 -9999 -9999 -9999 0.0152127 0.0108782 0.00711063 0.0065904 0.00681932 0.00617837 0.00552599 0.00531138 0.00588689 0.00778725 0.00840071 0.00637436 0.00450022 0.00808971 0.0101586 0.00976508 0.00894152 0.0104927 0.0130195 0.0146385 0.0149877 0.0143862 0.0132946 0.0117721 0.00945666 0.00586783 0.0035057 0.00648816 0.00737105 0.00707965 0.00801456 0.00754266 0.00405922 0.00565165 0.0106066 0.014246 0.0170306 0.0197701 0.0228927 0.026602 -9999 -9999 -9999 -9999 -9999 -9999 -9999 -9999 -9999 -9999 -9999 -9999 -9999 -9999 -9999 -9999 -9999
-9999 -9999 -9999 -9999 -9999 -9999 -9999 -9999 -9999 0.0160962 0.0125 0.00837189 0.00237901 0.00374793 0.00560289 0.00625876 0.00602377 0.0038449 0.00523655 0.00719119 0.00762725 0.00567076 0.00343518 0.00739184 0.00893636 0.00689915 0.00278711 0.00723916 0.0119425 0.0148091 0.0160829 0.0161267 0.0153042 0.0136467 0.010902 0.0067415 0.00410698 0.00665927 0.00583438 0.00140065 0.00600804 0.00718719 0.00481233 0.00658475 0.0117584 0.0159916 0.0193724 0.0224212 0.0255204 0.0288482 -9999 -9999 -9999 -9999 -9999 -9999 -9999 -9999 -9999 -9999 -9999 -9999 -9999 -9999 -9999 -9999 -9999
-9999 -9999 -9999 -9999 -9999 -9999 -9999 -9999 0.0162319 0.0125078 0.00984456 0.00792131 0.00548865 0.0022849 0.00301129 0.00316679 0.00542471 0.00340515 0.00428046 0.00458235 0.00668342 0.00787672 0.00827386 0.00945479 0.00963208 0.00750501 0.00476446 0.00798073 0.0123452 0.0153249 0.0168315 0.0171522 0.0165019 0.0150414 0.0128947 0.0104974 0.00924075 0.00921569 0.00788441 0.00604259 0.00811212 0.00982541 0.0101512 0.0116314 0.0148499 0.0183465 0.0215797 0.024628 0.0274995 0.0304718 -9999 -9999 -9999 -9999 -9999 -9999 -9999 -9999 -9999 -9999 -9999 -9999 -9999 -9999 -9999 -9999 -9999
-9999 -9999 -9999 -9999 -9999 -9999 -9999 0.0167937 0.0126501 0.00812265 0.00590089 0.00739335 0.00765592 0.0062753 0.00486822 0.00404425 0.00556062 0.00573171 0.0050266 0.00193825 0.00658083 0.0096278 0.0108719 0.0112788 0.010908 0.00988453 0.00944674 0.0110775 0.0137818 0.0160321 0.0172537 0.0174904 0.0168737 0.0156726 0.0142452 0.0130586 0.0124966 0.0122875 0.011785 0.0114914 0.012356 0.0135563 0.0145525 0.0159845 0.018202 0.0208057 0.0235116 0.0262146 0.0288251 0.0315542 0.0347351 -9999 -9999 -9999 -9999 -9999 -9999 -9999 -9999 -9999 -9999 -9999 -9999 -9999 -9999 -9999 -9999
-9999 -9999 -9999 -9999 -9999 -9999 -9999 0.0134325 0.0100173 0.00536935 0.00225492 0.00714494 0.00893154 0.00854293 0.00661442 0.00316186 0.00389053 0.00385288 0.00576191 0.00680946 0.00900485 0.0111959 0.0120861 0.0117972 0.0109408 0.0105073 0.0111897 0.0128502 0.0148149 0.0163791 0.0171356 0.017066 0.0162444 0.0150276 0.0140028 0.0136629 0.014 0.0145517 0.0149459 0.0153669 0.0160434 0.0169344 0.0178974 0.0191038 0.0207096 0.0226108 0.0247285 0.0269715 0.0292607 0.0320458 0.0346572 -9999 -9999 -9999 -9999 -9999 -9999 -9999 -9999 -9999 -9999 -9999 -9999 -9999 -9999 -9999 -9999
-9999 -9999 -9999 -9999 -9999 -9999 0.0129088 0.00970574 0.00844105 0.00723253 0.00676012 0.0082731 0.00943378 0.009245 0.0072685 0.00406668 0.00383351 0.00256457 0.00539102 0.00840144 0.0108025 0.012297 0.0123956 0.0109728 0.00878918 0.00835627 0.0104897 0.012969 0.0148382 0.015904 0.0162441 0.0158071 0.0145736 0.0128362 0.0116974 0.0122504 0.0139345 0.0156708 0.0169567 0.0178918 0.0186018 0.0193313 0.0200872 0.020977 0.0220994 0.0235067 0.0250391 0.0270124 0.029109 0.0313069 0.0337453 -9999 -9999 -9999 -9999 -9999 -9999 -9999 -9999 -9999 -9999 -9999 -9999 -9999 -9999 -9999 -9999
-9999 -9999 -9999 -9999 -9999 0.0142366 0.00872196 0.00432505 0.00657571 0.00831235 0.00833725 0.00801032 0.00849548 0.00888853 0.00730376 0.00374046 0.00400759 0.00304537 0.00368638 0.00868662 0.011559 0.0128043 0.01234 0.00984049 0.00513302 0.00376668 0.0088904 0.0122527 0.0139617 0.0145357 0.0144512 0.0138328 0.0122506 0.0094064 0.00710363 0.00919951 0.0129534 0.0159916 0.0180862 0.019368 0.0201284 0.0205925 0.0210812 0.021609 0.0223535 0.0232459 0.0244677 0.0258498 0.0276524 0.0298527 0.0322374 -9999 -9999 -9999 -9999 -9999 -9999 -9999 -9999 -9999 -9999 -9999 -9999 -9999 -9999 -9999 -9999
-9999 -9999 -9999 -9999 0.0166254 0.0122685 0.00748651 0.00321323 0.00658938 0.00872278 0.00784525 0.00481228 0.00562491 0.00805998 0.00737236 0.00386933 0.00333453 0.00483963 0.00638458 0.00949723 0.0118291 0.0129041 0.0124768 0.0102156 0.00637178 0.00540497 0.00902866 0.011646 0.0125443 0.0121745 0.0115864 0.0113584 0.0103008 0.00692846 0.000416214 0.00704965 0.0125861 0.0163973 0.0188507 0.0202039 0.0207155 0.0208419 0.0208778 0.0210915 0.0215255 0.0220101 0.0227399 0.0237656 0.0251966 0.0272002 0.0296617 0.0326242 -9999 -9999 -9999 -9999 -9999 -9999 -9999 -9999 -9999 -9999 -9999 -9999 -9999 -9999 -9999
